{"nodes": {"1095": {"address": "address", "lat": 37.9948351, "lon": 23.8062856, "uuid": "11"}, "1112": {"address": "address", "lat": 37.9946714, "lon": 23.7989379, "uuid": "3"}, "5269": {"address": "address", "lat": 38.0001543, "lon": 23.7889175, "uuid": "4"}, "1010": {"address": "address", "lat": 38.0009958, "lon": 23.7978557, "uuid": "17"}, "1060": {"address": "address", "lat": 38.0002419, "lon": 23.7939854, "uuid": "12"}, "17417": {"address": "address", "lat": 38.0003791, "lon": 23.8042812, "uuid": "5"}, "2197": {"address": "Mesogeion Aven. 260", "lat": 38.0061812, "lon": 23.7969828, "uuid": "ELTApostalbox6"}, "8614": {"address": "address", "lat": 38.0052773, "lon": 23.8287984, "uuid": "15"}, "2323": {"address": "address", "lat": 38.0080843, "lon": 23.8071594, "uuid": "9"}, "3707": {"address": "address", "lat": 38.0137354, "lon": 23.8495674, "uuid": "7"}, "4402": {"address": "Irakleitou 62", "lat": 38.0206484, "lon": 23.8430001, "uuid": "ELTApostoffice2"}, "5166": {"address": "address", "lat": 38.0053833, "lon": 23.7969261, "uuid": "1"}, "12711": {"address": "Aspasias 70", "lat": 38.0003794, "lon": 23.7930098, "uuid": "ELTApostoffice4"}, "2238": {"address": "address", "lat": 38.0175652, "lon": 23.8008669, "uuid": "13"}, "17018": {"address": "address", "lat": 38.010565, "lon": 23.8223559, "uuid": "10"}, "2475": {"address": "address", "lat": 38.0038708, "lon": 23.8210219, "uuid": "8"}, "10320": {"address": "address", "lat": 38.0108452, "lon": 23.8168298, "uuid": "2"}, "1514": {"address": "address", "lat": 37.9806867, "lon": 23.7638416, "uuid": "6"}, "224": {"address": "Amfissis 34", "lat": 38.0041843, "lon": 23.8451378, "uuid": "ELTApostoffice1"}, "16974": {"address": "Leukosias 25", "lat": 37.9896681, "lon": 23.794275, "uuid": "ELTApostoffice3"}, "12753": {"address": "address", "lat": 38.0067421, "lon": 23.802154, "uuid": "16"}, "5308": {"address": "Mesogeion Aven. 156-158", "lat": 37.9988745, "lon": 23.7841931, "uuid": "ELTApostalbox5"}, "17030": {"address": "address", "lat": 38.0117628, "lon": 23.8309622, "uuid": "0"}, "2390": {"address": "address", "lat": 38.0030872, "lon": 23.8133888, "uuid": "14"}}, "edge": [[16974, 1095, 927], [16974, 1514, 2212], [16974, 5308, 868], [16974, 5269, 992], [16974, 1060, 795], [16974, 1112, 718], [16974, 12711, 1001], [1112, 1095, 920], [1112, 16974, 718], [1112, 12711, 849], [1112, 5269, 995], [1112, 17417, 946], [1112, 1010, 909], [1112, 1060, 831], [1112, 224, 5510], [12711, 5166, 813], [12711, 1060, 774], [12711, 2197, 820], [12711, 1010, 858], [12711, 5269, 848], [12711, 5308, 927], [12711, 1112, 849], [12711, 12753, 851], [12711, 16974, 1001], [12711, 17417, 930], [4402, 17030, 887], [4402, 3707, 864], [17030, 4402, 887], [17030, 17018, 654], [17030, 8614, 626], [17030, 3707, 1079], [17030, 224, 816], [17030, 2475, 978], [17030, 10320, 1180], [2475, 2390, 847], [2475, 8614, 553], [2475, 10320, 923], [2475, 17018, 952], [2475, 2323, 1003], [2475, 17030, 978], [2475, 224, 2870], [2475, 1095, 1019], [2197, 5166, 822], [2197, 1010, 723], [2197, 2323, 846], [2197, 12711, 820], [2197, 5269, 885], [2197, 12753, 842], [2197, 1060, 984], [2197, 2238, 918], [2197, 17417, 981], [8614, 10320, 1059], [8614, 17030, 626], [8614, 2475, 553], [8614, 17018, 519], [8614, 224, 1108], [1060, 2197, 984], [1060, 5308, 853], [1060, 17417, 941], [1060, 16974, 795], [1060, 1112, 831], [1060, 5166, 898], [1060, 12753, 862], [1060, 12711, 774], [1060, 1010, 966], [1060, 5269, 799], [1060, 1095, 966], [2390, 2475, 847], [2390, 10320, 915], [2390, 1095, 819], [2390, 17018, 1001], [2390, 2323, 769], [2390, 12753, 942], [2390, 17417, 935], [17018, 2390, 1001], [17018, 17030, 654], [17018, 10320, 754], [17018, 2475, 952], [17018, 8614, 519], [1095, 2390, 819], [1095, 17417, 687], [1095, 1010, 976], [1095, 1112, 920], [1095, 16974, 927], [1095, 1060, 966], [1095, 2475, 1019], [2323, 2197, 846], [2323, 17417, 894], [2323, 2390, 769], [2323, 5166, 963], [2323, 2238, 949], [2323, 12753, 863], [2323, 10320, 932], [2323, 1010, 1028], [2323, 2475, 1003], [1010, 12753, 941], [1010, 2323, 1028], [1010, 1112, 909], [1010, 1095, 976], [1010, 17417, 815], [1010, 5269, 973], [1010, 12711, 858], [1010, 1060, 966], [1010, 5166, 890], [1010, 2197, 723], [10320, 2323, 932], [10320, 17018, 754], [10320, 2475, 923], [10320, 2390, 915], [10320, 8614, 1059], [10320, 17030, 1180], [12753, 2197, 842], [12753, 2238, 778], [12753, 5166, 951], [12753, 1060, 862], [12753, 17417, 667], [12753, 1010, 941], [12753, 2323, 863], [12753, 2390, 942], [12753, 12711, 851], [5269, 2197, 885], [5269, 5166, 893], [5269, 1010, 973], [5269, 1060, 799], [5269, 5308, 584], [5269, 1112, 995], [5269, 12711, 848], [5269, 16974, 992], [3707, 17030, 1079], [3707, 224, 1132], [3707, 4402, 864], [5166, 1010, 890], [5166, 2323, 963], [5166, 12753, 951], [5166, 12711, 813], [5166, 2197, 822], [5166, 17417, 874], [5166, 5269, 893], [5166, 1060, 898], [17417, 1095, 687], [17417, 1112, 946], [17417, 1010, 815], [17417, 1060, 941], [17417, 5166, 874], [17417, 2390, 935], [17417, 2323, 894], [17417, 12753, 667], [17417, 2197, 981], [17417, 12711, 930], [5308, 5269, 584], [5308, 12711, 927], [5308, 16974, 868], [5308, 1514, 2159], [5308, 1060, 853], [2238, 2197, 918], [2238, 12753, 778], [2238, 2323, 949], [224, 3707, 1132], [224, 8614, 1108], [224, 17030, 816], [224, 2475, 2870], [224, 1112, 5510], [1514, 16974, 2212], [1514, 5308, 2159]]}