{"nodes": {"1120": {"address": "address", "lat": 38.0010188, "lon": 23.7913092, "uuid": "7"}, "16826": {"address": "address", "lat": 38.0031853, "lon": 23.7978506, "uuid": "2"}, "16945": {"address": "address", "lat": 37.9965731, "lon": 23.8036915, "uuid": "1"}, "2197": {"address": "Red Box #2, Mesogeion Aven. 260, Cholargos", "lat": 38.0061812, "lon": 23.7969828, "uuid": "ELTA004"}, "2437": {"address": "address", "lat": 38.0042787, "lon": 23.8136126, "uuid": "4"}, "266": {"address": "address", "lat": 38.0079771, "lon": 23.8296022, "uuid": "5"}, "12711": {"address": "Cholargou (Post Office), Aspasias 70, Cholargos ", "lat": 38.0003794, "lon": 23.7930098, "uuid": "ELTA002"}, "9442": {"address": "address", "lat": 38.0058734, "lon": 23.822565, "uuid": "3"}, "11134": {"address": "VEHICLE DEPO - Mesogeion 395 Ave., Agia Paraskevi", "lat": 38.0119209, "lon": 23.8138158, "uuid": "ELTA005"}, "8332": {"address": "address", "lat": 38.0120885, "lon": 23.8201448, "uuid": "0"}, "16974": {"address": "Papagou (Post Office) , Leukosias 25, Papagou", "lat": 37.9896681, "lon": 23.794275, "uuid": "ELTA001"}, "13227": {"address": "address", "lat": 38.0062259, "lon": 23.8044684, "uuid": "6"}, "5308": {"address": "Red Box #1, Mesogeion Aven. 156-158, Papagou", "lat": 37.9988745, "lon": 23.7841931, "uuid": "ELTA003"}}, "edge": [[266, 9442, 809], [266, 8332, 703], [1120, 2197, 820], [1120, 16826, 961], [1120, 5308, 812], [1120, 12711, 848], [1120, 16945, 966], [1120, 16974, 1000], [13227, 16826, 811], [13227, 2197, 846], [13227, 2437, 853], [13227, 16945, 806], [13227, 11134, 970], [13227, 8332, 1002], [2197, 13227, 846], [2197, 16826, 669], [2197, 12711, 848], [2197, 11134, 1347], [2197, 1120, 820], [8332, 11134, 827], [8332, 9442, 791], [8332, 266, 703], [8332, 2437, 907], [8332, 13227, 1002], [9442, 266, 809], [9442, 2437, 928], [9442, 8332, 791], [9442, 11134, 1001], [16974, 16945, 718], [16974, 12711, 795], [16974, 5308, 795], [16974, 1120, 1000], [11134, 8332, 827], [11134, 13227, 970], [11134, 2437, 705], [11134, 9442, 1001], [11134, 2197, 1347], [12711, 16974, 795], [12711, 16945, 849], [12711, 16826, 813], [12711, 2197, 848], [12711, 1120, 848], [12711, 5308, 853], [2437, 16945, 868], [2437, 9442, 928], [2437, 8332, 907], [2437, 13227, 853], [2437, 11134, 705], [2437, 16826, 1002], [16826, 2197, 669], [16826, 13227, 811], [16826, 12711, 813], [16826, 16945, 877], [16826, 1120, 961], [16826, 2437, 1002], [5308, 16974, 795], [5308, 1120, 812], [5308, 12711, 853], [16945, 16974, 718], [16945, 12711, 849], [16945, 1120, 966], [16945, 13227, 806], [16945, 16826, 877], [16945, 2437, 868]]}