{"nodes": {"1095": {"address": "address", "lat": 37.9948351, "lon": 23.8062856, "uuid": "12"}, "16796": {"address": "address", "lat": 38.0032826, "lon": 23.7978299, "uuid": "6"}, "1077": {"address": "address", "lat": 37.9957913, "lon": 23.7954504, "uuid": "15"}, "1113": {"address": "address", "lat": 37.9954428, "lon": 23.799784, "uuid": "9"}, "3286": {"address": "address", "lat": 37.9993325, "lon": 23.8032601, "uuid": "4"}, "542": {"address": "address", "lat": 37.9994353, "lon": 23.7881292, "uuid": "10"}, "2197": {"address": "Red Box #2, Mesogeion Aven. 260, Cholargos", "lat": 38.0061812, "lon": 23.7969828, "uuid": "ELTA004"}, "2290": {"address": "address", "lat": 38.0038084, "lon": 23.8059434, "uuid": "1"}, "9441": {"address": "address", "lat": 38.0056835, "lon": 23.8220804, "uuid": "13"}, "8614": {"address": "address", "lat": 38.0052773, "lon": 23.8287984, "uuid": "2"}, "8303": {"address": "address", "lat": 38.0123823, "lon": 23.8221216, "uuid": "8"}, "3707": {"address": "address", "lat": 38.0137354, "lon": 23.8495674, "uuid": "0"}, "12711": {"address": "Cholargou (Post Office), Aspasias 70, Cholargos ", "lat": 38.0003794, "lon": 23.7930098, "uuid": "ELTA002"}, "5342": {"address": "address", "lat": 38.0010419, "lon": 23.7934989, "uuid": "3"}, "2238": {"address": "address", "lat": 38.0175652, "lon": 23.8008669, "uuid": "11"}, "11091": {"address": "address", "lat": 38.0102324, "lon": 23.8150336, "uuid": "16"}, "1514": {"address": "address", "lat": 37.9806867, "lon": 23.7638416, "uuid": "7"}, "11134": {"address": "VEHICLE DEPO - Mesogeion 395 Ave., Agia Paraskevi", "lat": 38.0119209, "lon": 23.8138158, "uuid": "ELTA005"}, "16974": {"address": "Papagou (Post Office) , Leukosias 25, Papagou", "lat": 37.9896681, "lon": 23.794275, "uuid": "ELTA001"}, "16430": {"address": "address", "lat": 38.0077532, "lon": 23.8030122, "uuid": "17"}, "5308": {"address": "Red Box #1, Mesogeion Aven. 156-158, Papagou", "lat": 37.9988745, "lon": 23.7841931, "uuid": "ELTA003"}, "17030": {"address": "address", "lat": 38.0117628, "lon": 23.8309622, "uuid": "14"}, "2390": {"address": "address", "lat": 38.0030872, "lon": 23.8133888, "uuid": "5"}}, "edge": [[16430, 2197, 814], [16430, 11134, 731], [16430, 2290, 757], [16430, 3286, 786], [16430, 16796, 972], [16430, 2390, 841], [16430, 2238, 864], [16430, 11091, 883], [16430, 5342, 920], [16796, 3286, 763], [16796, 2290, 786], [16796, 16430, 972], [16796, 2197, 641], [16796, 542, 966], [16796, 1077, 999], [16796, 5342, 880], [16796, 1113, 905], [16796, 12711, 813], [16796, 1095, 1041], [1077, 542, 826], [1077, 12711, 1001], [1077, 16974, 795], [1077, 3286, 930], [1077, 16796, 999], [1077, 5342, 804], [1077, 1095, 925], [1077, 1113, 916], [1077, 5308, 868], [1077, 2290, 1191], [5342, 16796, 880], [5342, 542, 888], [5342, 12711, 848], [5342, 1077, 804], [5342, 3286, 889], [5342, 5308, 867], [5342, 2197, 820], [5342, 1095, 1026], [5342, 16430, 920], [5342, 1113, 781], [5342, 2290, 1057], [2290, 2390, 935], [2290, 5342, 1057], [2290, 11091, 972], [2290, 16796, 786], [2290, 1095, 997], [2290, 16430, 757], [2290, 11134, 949], [2290, 1113, 1001], [2290, 3286, 754], [2290, 2197, 881], [2290, 9441, 1034], [2290, 1077, 1191], [2390, 16430, 841], [2390, 11091, 875], [2390, 2290, 935], [2390, 9441, 948], [2390, 1095, 819], [2390, 11134, 908], [2390, 8614, 1010], [2390, 3707, 3416], [3707, 2390, 3416], [3707, 17030, 1079], [3707, 8614, 1504], [3286, 16796, 763], [3286, 1077, 930], [3286, 1095, 730], [3286, 12711, 849], [3286, 1113, 843], [3286, 2290, 754], [3286, 5342, 889], [3286, 16430, 786], [3286, 2197, 1010], [9441, 11091, 877], [9441, 8614, 796], [9441, 2390, 948], [9441, 17030, 912], [9441, 11134, 1004], [9441, 8303, 723], [9441, 2290, 1034], [16974, 1113, 718], [16974, 542, 795], [16974, 1077, 795], [16974, 1095, 927], [16974, 1514, 2212], [16974, 5308, 882], [16974, 12711, 1031], [12711, 3286, 849], [12711, 2197, 848], [12711, 16796, 813], [12711, 1113, 864], [12711, 5308, 906], [12711, 542, 907], [12711, 1077, 1001], [12711, 16974, 1031], [12711, 5342, 848], [1095, 1077, 925], [1095, 16974, 927], [1095, 1113, 867], [1095, 3286, 730], [1095, 5342, 1026], [1095, 2390, 819], [1095, 2290, 997], [1095, 16796, 1041], [8614, 8303, 519], [8614, 17030, 626], [8614, 3707, 1504], [8614, 9441, 796], [8614, 2390, 1010], [1514, 5308, 2159], [1514, 16974, 2212], [8303, 11134, 827], [8303, 11091, 525], [8303, 17030, 654], [8303, 8614, 519], [8303, 9441, 723], [11134, 8303, 827], [11134, 2238, 956], [11134, 16430, 731], [11134, 11091, 705], [11134, 2390, 908], [11134, 9441, 1004], [11134, 2290, 949], [11134, 17030, 1296], [542, 16796, 966], [542, 12711, 907], [542, 5342, 888], [542, 1077, 826], [542, 2197, 885], [542, 16974, 795], [542, 5308, 584], [542, 1113, 991], [2197, 2290, 881], [2197, 5342, 820], [2197, 16796, 641], [2197, 2238, 918], [2197, 16430, 814], [2197, 542, 885], [2197, 12711, 848], [2197, 3286, 1010], [1113, 3286, 843], [1113, 5342, 781], [1113, 1077, 916], [1113, 16796, 905], [1113, 16974, 718], [1113, 1095, 867], [1113, 12711, 864], [1113, 2290, 1001], [1113, 542, 991], [17030, 3707, 1079], [17030, 8303, 654], [17030, 8614, 626], [17030, 11134, 1296], [17030, 9441, 912], [2238, 16430, 864], [2238, 11134, 956], [2238, 2197, 918], [5308, 16974, 882], [5308, 5342, 867], [5308, 1514, 2159], [5308, 542, 584], [5308, 1077, 868], [5308, 12711, 906], [11091, 2390, 875], [11091, 9441, 877], [11091, 11134, 705], [11091, 8303, 525], [11091, 16430, 883], [11091, 2290, 972]]}