{"nodes": {"1101": {"address": "address", "lat": 37.9966745, "lon": 23.8026938, "uuid": "5"}, "1120": {"address": "address", "lat": 38.0010188, "lon": 23.7913092, "uuid": "1"}, "16826": {"address": "address", "lat": 38.0031853, "lon": 23.7978506, "uuid": "3"}, "2435": {"address": "address", "lat": 38.0026378, "lon": 23.8142595, "uuid": "0"}, "11092": {"address": "address", "lat": 38.0104269, "lon": 23.8149221, "uuid": "7"}, "2551": {"address": "address", "lat": 38.0072842, "lon": 23.8303563, "uuid": "4"}, "2579": {"address": "address", "lat": 38.0091288, "lon": 23.822686, "uuid": "2"}, "13227": {"address": "address", "lat": 38.0062259, "lon": 23.8044684, "uuid": "6"}}, "edge": [[2551, 1101, 2486], [2551, 2435, 1272], [2551, 11092, 1326], [2551, 2579, 504], [1101, 2551, 2486], [1101, 13227, 864], [1101, 16826, 443], [1101, 1120, 890], [1101, 2435, 1119], [13227, 16826, 503], [13227, 2435, 677], [13227, 11092, 687], [13227, 1101, 864], [13227, 1120, 1227], [11092, 13227, 687], [11092, 2551, 1326], [11092, 2579, 772], [11092, 2435, 588], [16826, 1101, 443], [16826, 1120, 495], [16826, 13227, 503], [2435, 11092, 588], [2435, 1101, 1119], [2435, 2579, 1222], [2435, 2551, 1272], [2435, 13227, 677], [1120, 16826, 495], [1120, 1101, 890], [1120, 13227, 1227], [2579, 11092, 772], [2579, 2435, 1222], [2579, 2551, 504]]}