{"nodes": {"5230": {"address": "address", "lat": 38.000758, "lon": 23.803741, "uuid": "0"}, "1098": {"address": "address", "lat": 37.9955795, "lon": 23.806735, "uuid": "4"}, "5407": {"address": "address", "lat": 37.99335, "lon": 23.8041377, "uuid": "11"}, "16801": {"address": "address", "lat": 38.0020011, "lon": 23.7993777, "uuid": "10"}, "1112": {"address": "address", "lat": 37.9946714, "lon": 23.7989379, "uuid": "3"}, "1001": {"address": "address", "lat": 37.9987007, "lon": 23.7977318, "uuid": "12"}, "3021": {"address": "address", "lat": 37.9960616, "lon": 23.793166, "uuid": "13"}, "2197": {"address": "Red Box #2, Mesogeion Aven. 260, Cholargos", "lat": 38.0061812, "lon": 23.7969828, "uuid": "ELTA004"}, "2428": {"address": "address", "lat": 38.0047331, "lon": 23.8120274, "uuid": "8"}, "3707": {"address": "address", "lat": 38.0137354, "lon": 23.8495674, "uuid": "1"}, "5166": {"address": "address", "lat": 38.0053833, "lon": 23.7969261, "uuid": "9"}, "12711": {"address": "Cholargou (Post Office), Aspasias 70, Cholargos ", "lat": 38.0003794, "lon": 23.7930098, "uuid": "ELTA002"}, "5358": {"address": "address", "lat": 38.00112, "lon": 23.7934225, "uuid": "2"}, "2238": {"address": "address", "lat": 38.0175652, "lon": 23.8008669, "uuid": "5"}, "12710": {"address": "address", "lat": 37.9986584, "lon": 23.7867395, "uuid": "7"}, "11134": {"address": "VEHICLE DEPO - Mesogeion 395 Ave., Agia Paraskevi", "lat": 38.0119209, "lon": 23.8138158, "uuid": "ELTA005"}, "16974": {"address": "Papagou (Post Office) , Leukosias 25, Papagou", "lat": 37.9896681, "lon": 23.794275, "uuid": "ELTA001"}, "11113": {"address": "address", "lat": 38.0076472, "lon": 23.8024126, "uuid": "6"}, "5308": {"address": "Red Box #1, Mesogeion Aven. 156-158, Papagou", "lat": 37.9988745, "lon": 23.7841931, "uuid": "ELTA003"}}, "edge": [[2428, 11134, 705], [2428, 1098, 866], [2428, 5230, 935], [2428, 11113, 825], [2428, 16801, 857], [2428, 3707, 3453], [2428, 5166, 1156], [5166, 2197, 822], [5166, 5358, 942], [5166, 11113, 963], [5166, 1001, 890], [5166, 5230, 915], [5166, 12711, 813], [5166, 2428, 1156], [5166, 12710, 1035], [5166, 5308, 1005], [5166, 16801, 980], [5308, 12710, 867], [5308, 5358, 812], [5308, 16974, 882], [5308, 3021, 816], [5308, 2197, 983], [5308, 12711, 906], [5308, 5166, 1005], [5358, 11113, 931], [5358, 12710, 929], [5358, 5308, 812], [5358, 12711, 848], [5358, 5230, 983], [5358, 16801, 966], [5358, 2197, 820], [5358, 1112, 852], [5358, 3021, 925], [5358, 5166, 942], [5358, 1001, 986], [5230, 11113, 624], [5230, 16801, 791], [5230, 1098, 638], [5230, 1112, 880], [5230, 5166, 915], [5230, 1001, 740], [5230, 2428, 935], [5230, 2197, 1000], [5230, 5407, 930], [5230, 5358, 983], [5230, 3021, 974], [1001, 1112, 889], [1001, 5230, 740], [1001, 5166, 890], [1001, 12711, 849], [1001, 12710, 1013], [1001, 5358, 986], [1001, 1098, 944], [1001, 5407, 820], [1001, 2197, 990], [1001, 3021, 813], [1001, 11113, 1011], [12711, 1001, 849], [12711, 5166, 813], [12711, 2197, 848], [12711, 5358, 848], [12711, 1112, 864], [12711, 5308, 906], [12711, 16801, 886], [12711, 16974, 1031], [12711, 3021, 1001], [1098, 2428, 866], [1098, 1001, 944], [1098, 5407, 941], [1098, 5230, 638], [1098, 1112, 933], [1098, 16801, 816], [1098, 16974, 919], [11113, 1001, 1011], [11113, 16801, 895], [11113, 2197, 815], [11113, 2238, 780], [11113, 2428, 825], [11113, 5166, 963], [11113, 5230, 624], [11113, 11134, 697], [11113, 5358, 931], [3021, 12710, 787], [3021, 16974, 773], [3021, 16801, 845], [3021, 5407, 912], [3021, 1112, 914], [3021, 5308, 816], [3021, 1001, 813], [3021, 5358, 925], [3021, 12711, 1001], [3021, 5230, 974], [12710, 3021, 787], [12710, 5308, 867], [12710, 1001, 1013], [12710, 2197, 991], [12710, 5358, 929], [12710, 5166, 1035], [12710, 16974, 868], [12710, 1112, 1047], [1112, 16801, 904], [1112, 16974, 718], [1112, 12711, 864], [1112, 1001, 889], [1112, 3021, 914], [1112, 5230, 880], [1112, 5358, 852], [1112, 5407, 847], [1112, 1098, 933], [1112, 12710, 1047], [2197, 11113, 815], [2197, 5358, 820], [2197, 5166, 822], [2197, 2238, 918], [2197, 16801, 706], [2197, 5230, 1000], [2197, 1001, 990], [2197, 12711, 848], [2197, 12710, 991], [2197, 5308, 983], [5407, 5230, 930], [5407, 1112, 847], [5407, 1001, 820], [5407, 1098, 941], [5407, 16974, 746], [5407, 3021, 912], [5407, 16801, 997], [5407, 3707, 5717], [16974, 3021, 773], [16974, 1112, 718], [16974, 12710, 868], [16974, 5407, 746], [16974, 1098, 919], [16974, 5308, 882], [16974, 12711, 1031], [11134, 11113, 697], [11134, 2238, 956], [11134, 2428, 705], [11134, 3707, 2464], [3707, 11134, 2464], [3707, 5407, 5717], [3707, 2428, 3453], [16801, 1112, 904], [16801, 12711, 886], [16801, 2197, 706], [16801, 5230, 791], [16801, 3021, 845], [16801, 5407, 997], [16801, 11113, 895], [16801, 1098, 816], [16801, 5166, 980], [16801, 5358, 966], [16801, 2428, 857], [2238, 11134, 956], [2238, 11113, 780], [2238, 2197, 918]]}