{"nodes": {"1154": {"address": "address", "lat": 38.0001144, "lon": 23.8050406, "uuid": "7"}, "3018": {"address": "address", "lat": 37.9941164, "lon": 23.805845, "uuid": "5"}, "1055": {"address": "address", "lat": 38.0004525, "lon": 23.7919898, "uuid": "6"}, "1105": {"address": "address", "lat": 37.9955813, "lon": 23.7978444, "uuid": "11"}, "5141": {"address": "address", "lat": 38.0040106, "lon": 23.7989282, "uuid": "2"}, "2197": {"address": "Red Box #2, Mesogeion Aven. 260, Cholargos", "lat": 38.0061812, "lon": 23.7969828, "uuid": "ELTApostalbox5"}, "166": {"address": "address", "lat": 38.0085202, "lon": 23.8046116, "uuid": "10"}, "266": {"address": "address", "lat": 38.0079771, "lon": 23.8296022, "uuid": "0"}, "3707": {"address": "address", "lat": 38.0137354, "lon": 23.8495674, "uuid": "9"}, "12711": {"address": "Cholargou (Post Office), Aspasias 70, Cholargos ", "lat": 38.0003794, "lon": 23.7930098, "uuid": "ELTApostoffice3"}, "8409": {"address": "address", "lat": 38.011185, "lon": 23.8202681, "uuid": "8"}, "9428": {"address": "address", "lat": 38.0040729, "lon": 23.815075, "uuid": "3"}, "11134": {"address": "VEHICLE DEPO - Mesogeion 395 Ave., Agia Paraskevi", "lat": 38.0119209, "lon": 23.8138158, "uuid": "ELTApostoffice1"}, "16974": {"address": "Papagou (Post Office) , Leukosias 25, Papagou", "lat": 37.9896681, "lon": 23.794275, "uuid": "ELTApostoffice2"}, "5308": {"address": "Red Box #1, Mesogeion Aven. 156-158, Papagou", "lat": 37.9988745, "lon": 23.7841931, "uuid": "ELTApostalbox4"}}, "edge": [[12711, 2197, 848], [12711, 5141, 813], [12711, 5308, 853], [12711, 16974, 811], [12711, 1105, 849], [12711, 1055, 848], [12711, 1154, 947], [1055, 1105, 949], [1055, 2197, 820], [1055, 5141, 939], [1055, 5308, 812], [1055, 1154, 995], [1055, 12711, 848], [1055, 16974, 1010], [166, 5141, 957], [166, 1154, 892], [166, 9428, 901], [166, 2197, 770], [166, 11134, 697], [266, 9428, 854], [266, 3707, 1394], [266, 8409, 808], [5141, 166, 957], [5141, 1105, 838], [5141, 12711, 813], [5141, 1154, 770], [5141, 2197, 705], [5141, 1055, 939], [5141, 3018, 1007], [5141, 9428, 1057], [9428, 8409, 858], [9428, 3018, 1009], [9428, 11134, 705], [9428, 266, 854], [9428, 166, 901], [9428, 1154, 974], [9428, 5141, 1057], [1105, 1055, 949], [1105, 5141, 838], [1105, 1154, 920], [1105, 3018, 941], [1105, 12711, 849], [1105, 16974, 718], [1105, 5308, 976], [5308, 1055, 812], [5308, 16974, 795], [5308, 12711, 853], [5308, 2197, 983], [5308, 1105, 976], [2197, 166, 770], [2197, 1055, 820], [2197, 12711, 848], [2197, 1154, 1010], [2197, 5141, 705], [2197, 5308, 983], [3018, 16974, 896], [3018, 1105, 941], [3018, 1154, 578], [3018, 9428, 1009], [3018, 5141, 1007], [1154, 1105, 920], [1154, 5141, 770], [1154, 166, 892], [1154, 3018, 578], [1154, 2197, 1010], [1154, 9428, 974], [1154, 1055, 995], [1154, 12711, 947], [16974, 1105, 718], [16974, 12711, 811], [16974, 3018, 896], [16974, 5308, 795], [16974, 1055, 1010], [8409, 266, 808], [8409, 11134, 498], [8409, 9428, 858], [11134, 9428, 705], [11134, 166, 697], [11134, 8409, 498], [11134, 3707, 2682], [3707, 11134, 2682], [3707, 266, 1394]]}