{"nodes": {"1101": {"address": "address", "lat": 37.9966745, "lon": 23.8026938, "uuid": "4"}, "1029": {"address": "address", "lat": 38.0054704, "lon": 23.8027623, "uuid": "0"}, "1060": {"address": "address", "lat": 38.0002419, "lon": 23.7939854, "uuid": "2"}, "2197": {"address": "Red Box #2, Mesogeion Aven. 260, Cholargos", "lat": 38.0061812, "lon": 23.7969828, "uuid": "ELTA004"}, "2436": {"address": "address", "lat": 38.0038431, "lon": 23.8147285, "uuid": "7"}, "8528": {"address": "address", "lat": 38.0097339, "lon": 23.8206524, "uuid": "1"}, "2551": {"address": "address", "lat": 38.0072842, "lon": 23.8303563, "uuid": "3"}, "3707": {"address": "address", "lat": 38.0137354, "lon": 23.8495674, "uuid": "6"}, "12711": {"address": "Cholargou (Post Office), Aspasias 70, Cholargos ", "lat": 38.0003794, "lon": 23.7930098, "uuid": "ELTA002"}, "1514": {"address": "address", "lat": 37.9806867, "lon": 23.7638416, "uuid": "5"}, "11134": {"address": "VEHICLE DEPO - Mesogeion 395 Ave., Agia Paraskevi", "lat": 38.0119209, "lon": 23.8138158, "uuid": "ELTA005"}, "16974": {"address": "Papagou (Post Office) , Leukosias 25, Papagou", "lat": 37.9896681, "lon": 23.794275, "uuid": "ELTA001"}, "5308": {"address": "Red Box #1, Mesogeion Aven. 156-158, Papagou", "lat": 37.9988745, "lon": 23.7841931, "uuid": "ELTA003"}}, "edge": [[8528, 2551, 778], [8528, 2436, 912], [8528, 11134, 811], [8528, 3707, 2276], [1101, 12711, 849], [1101, 2436, 837], [1101, 16974, 718], [1101, 1029, 589], [1101, 1060, 831], [1101, 2197, 1024], [1060, 5308, 799], [1060, 1029, 965], [1060, 2197, 723], [1060, 1101, 831], [1060, 16974, 795], [1060, 12711, 774], [2436, 1101, 837], [2436, 11134, 705], [2436, 8528, 912], [2436, 1029, 730], [2436, 2551, 2437], [1029, 2197, 846], [1029, 11134, 955], [1029, 1101, 589], [1029, 1060, 965], [1029, 2436, 730], [1029, 12711, 851], [2551, 8528, 778], [2551, 3707, 1347], [2551, 2436, 2437], [2197, 1029, 846], [2197, 1060, 723], [2197, 5308, 977], [2197, 12711, 813], [2197, 1101, 1024], [5308, 1060, 799], [5308, 16974, 868], [5308, 12711, 848], [5308, 2197, 977], [5308, 1514, 2159], [3707, 2551, 1347], [3707, 11134, 2682], [3707, 8528, 2276], [12711, 1101, 849], [12711, 1029, 851], [12711, 2197, 813], [12711, 5308, 848], [12711, 16974, 1001], [12711, 1060, 774], [16974, 1514, 2212], [16974, 1101, 718], [16974, 12711, 1001], [16974, 1060, 795], [16974, 5308, 868], [11134, 1029, 955], [11134, 2436, 705], [11134, 8528, 811], [11134, 3707, 2682], [1514, 5308, 2159], [1514, 16974, 2212]]}