{"nodes": {"2197": {"address": "Mesogeion Aven. 260", "lat": 38.0061812, "lon": 23.7969828, "uuid": "ELTApostalbox6"}, "11092": {"address": "address", "lat": 38.0104269, "lon": 23.8149221, "uuid": "5"}, "8614": {"address": "address", "lat": 38.0052773, "lon": 23.8287984, "uuid": "3"}, "2560": {"address": "address", "lat": 38.0114428, "lon": 23.8319809, "uuid": "0"}, "4402": {"address": "Irakleitou 62", "lat": 38.0206484, "lon": 23.8430001, "uuid": "ELTApostoffice2"}, "12711": {"address": "Aspasias 70", "lat": 38.0003794, "lon": 23.7930098, "uuid": "ELTApostoffice4"}, "224": {"address": "Amfissis 34", "lat": 38.0041843, "lon": 23.8451378, "uuid": "ELTApostoffice1"}, "16974": {"address": "Leukosias 25", "lat": 37.9896681, "lon": 23.794275, "uuid": "ELTApostoffice3"}, "5308": {"address": "Mesogeion Aven. 156-158", "lat": 37.9988745, "lon": 23.7841931, "uuid": "ELTApostalbox5"}, "16872": {"address": "address", "lat": 38.0050474, "lon": 23.822203, "uuid": "4"}, "17016": {"address": "address", "lat": 38.0107352, "lon": 23.8223466, "uuid": "2"}, "17083": {"address": "address", "lat": 38.0032571, "lon": 23.8132821, "uuid": "1"}}, "edge": [[17083, 8614, 2567], [17083, 11092, 883], [17083, 2197, 932], [17083, 16872, 748], [17083, 12711, 1414], [17083, 16974, 1709], [17083, 17016, 949], [11092, 17083, 883], [11092, 16872, 847], [11092, 17016, 725], [11092, 2197, 854], [2197, 17083, 932], [2197, 12711, 723], [2197, 5308, 886], [2197, 11092, 854], [8614, 16872, 519], [8614, 2560, 927], [8614, 17016, 653], [8614, 224, 1292], [8614, 17083, 2567], [4402, 2560, 887], [4402, 224, 1535], [16974, 5308, 795], [16974, 12711, 795], [16974, 17083, 1709], [2560, 4402, 887], [2560, 17016, 639], [2560, 8614, 927], [2560, 224, 680], [2560, 16872, 1004], [224, 2560, 680], [224, 4402, 1535], [224, 8614, 1292], [17016, 11092, 725], [17016, 16872, 938], [17016, 2560, 639], [17016, 8614, 653], [17016, 17083, 949], [16872, 8614, 519], [16872, 17083, 748], [16872, 17016, 938], [16872, 11092, 847], [16872, 2560, 1004], [12711, 2197, 723], [12711, 17083, 1414], [12711, 16974, 795], [12711, 5308, 848], [5308, 2197, 886], [5308, 12711, 848], [5308, 16974, 795]]}