{"nodes": {"2197": {"address": "Red Box #2, Mesogeion Aven. 260, Cholargos", "lat": 38.0061812, "lon": 23.7969828, "uuid": "ELTA004"}, "8614": {"address": "address", "lat": 38.0052773, "lon": 23.8287984, "uuid": "4"}, "2560": {"address": "address", "lat": 38.0114428, "lon": 23.8319809, "uuid": "0"}, "8303": {"address": "address", "lat": 38.0123823, "lon": 23.8221216, "uuid": "2"}, "12711": {"address": "Cholargou (Post Office), Aspasias 70, Cholargos ", "lat": 38.0003794, "lon": 23.7930098, "uuid": "ELTA002"}, "9452": {"address": "address", "lat": 38.0062399, "lon": 23.8226426, "uuid": "3"}, "10319": {"address": "address", "lat": 38.0106107, "lon": 23.816921, "uuid": "5"}, "11134": {"address": "VEHICLE DEPO - Mesogeion 395 Ave., Agia Paraskevi", "lat": 38.0119209, "lon": 23.8138158, "uuid": "ELTA005"}, "16974": {"address": "Papagou (Post Office) , Leukosias 25, Papagou", "lat": 37.9896681, "lon": 23.794275, "uuid": "ELTA001"}, "5308": {"address": "Red Box #1, Mesogeion Aven. 156-158, Papagou", "lat": 37.9988745, "lon": 23.7841931, "uuid": "ELTA003"}, "17083": {"address": "address", "lat": 38.0032571, "lon": 23.8132821, "uuid": "1"}}, "edge": [[17083, 8614, 969], [17083, 8303, 1061], [17083, 11134, 813], [17083, 2197, 936], [17083, 10319, 938], [17083, 12711, 1414], [17083, 9452, 958], [17083, 16974, 1709], [8303, 2560, 747], [8303, 11134, 768], [8303, 10319, 604], [8303, 9452, 951], [8303, 8614, 519], [8303, 17083, 1061], [11134, 9452, 1003], [11134, 10319, 705], [11134, 2197, 846], [11134, 17083, 813], [11134, 8303, 768], [11134, 2560, 1296], [9452, 8303, 951], [9452, 10319, 952], [9452, 17083, 958], [9452, 2560, 1036], [9452, 8614, 807], [9452, 11134, 1003], [8614, 8303, 519], [8614, 2560, 927], [8614, 9452, 807], [8614, 17083, 969], [10319, 9452, 952], [10319, 17083, 938], [10319, 8303, 604], [10319, 11134, 705], [10319, 2560, 1208], [16974, 5308, 795], [16974, 12711, 795], [16974, 17083, 1709], [2197, 12711, 723], [2197, 17083, 936], [2197, 5308, 886], [2197, 11134, 846], [2560, 8303, 747], [2560, 8614, 927], [2560, 9452, 1036], [2560, 10319, 1208], [2560, 11134, 1296], [12711, 2197, 723], [12711, 17083, 1414], [12711, 16974, 795], [12711, 5308, 848], [5308, 2197, 886], [5308, 12711, 848], [5308, 16974, 795]]}