{"nodes": {"3017": {"address": "address", "lat": 37.9934476, "lon": 23.8054466, "uuid": "1"}, "16722": {"address": "address", "lat": 37.9925135, "lon": 23.798611, "uuid": "5"}, "1152": {"address": "address", "lat": 37.9978156, "lon": 23.8065876, "uuid": "6"}, "2197": {"address": "Red Box #2, Mesogeion Aven. 260, Cholargos", "lat": 38.0061812, "lon": 23.7969828, "uuid": "ELTApostalbox5"}, "2470": {"address": "address", "lat": 38.0111691, "lon": 23.8141265, "uuid": "0"}, "2546": {"address": "address", "lat": 38.0057676, "lon": 23.8295782, "uuid": "3"}, "12711": {"address": "Cholargou (Post Office), Aspasias 70, Cholargos ", "lat": 38.0003794, "lon": 23.7930098, "uuid": "ELTApostoffice3"}, "5120": {"address": "address", "lat": 38.0057689, "lon": 23.7962092, "uuid": "4"}, "16102": {"address": "address", "lat": 38.0079995, "lon": 23.8033144, "uuid": "2"}, "11134": {"address": "VEHICLE DEPO - Mesogeion 395 Ave., Agia Paraskevi", "lat": 38.0119209, "lon": 23.8138158, "uuid": "ELTApostoffice1"}, "16974": {"address": "Papagou (Post Office) , Leukosias 25, Papagou", "lat": 37.9896681, "lon": 23.794275, "uuid": "ELTApostoffice2"}, "5308": {"address": "Red Box #1, Mesogeion Aven. 156-158, Papagou", "lat": 37.9988745, "lon": 23.7841931, "uuid": "ELTApostalbox4"}}, "edge": [[12711, 2197, 848], [12711, 5120, 813], [12711, 16722, 853], [12711, 5308, 848], [12711, 1152, 849], [12711, 16974, 811], [12711, 3017, 991], [12711, 16102, 1057], [2470, 16102, 969], [2470, 11134, 697], [2470, 1152, 1265], [2470, 2546, 929], [16102, 5120, 906], [16102, 1152, 672], [16102, 2197, 751], [16102, 2470, 969], [16102, 11134, 696], [16102, 2546, 2246], [16102, 12711, 1057], [1152, 2470, 1265], [1152, 5120, 676], [1152, 16722, 897], [1152, 12711, 849], [1152, 16102, 672], [1152, 3017, 841], [1152, 2197, 1024], [1152, 2546, 1566], [16974, 3017, 876], [16974, 12711, 811], [16974, 5308, 795], [16974, 16722, 718], [5120, 5308, 867], [5120, 16102, 906], [5120, 2197, 723], [5120, 12711, 813], [5120, 1152, 676], [16722, 16974, 718], [16722, 1152, 897], [16722, 12711, 853], [16722, 3017, 930], [16722, 5308, 885], [3017, 16722, 930], [3017, 1152, 841], [3017, 12711, 991], [3017, 16974, 876], [5308, 16974, 795], [5308, 16722, 885], [5308, 5120, 867], [5308, 12711, 848], [5308, 2197, 977], [2197, 16102, 751], [2197, 5308, 977], [2197, 5120, 723], [2197, 12711, 848], [2197, 1152, 1024], [2546, 2470, 929], [2546, 1152, 1566], [2546, 11134, 982], [2546, 16102, 2246], [11134, 16102, 696], [11134, 2470, 697], [11134, 2546, 982]]}