{"nodes": {"5230": {"address": "address", "lat": 38.000758, "lon": 23.803741, "uuid": "9"}, "1095": {"address": "address", "lat": 37.9948351, "lon": 23.8062856, "uuid": "0"}, "1120": {"address": "address", "lat": 38.0010188, "lon": 23.7913092, "uuid": "2"}, "1105": {"address": "address", "lat": 37.9955813, "lon": 23.7978444, "uuid": "10"}, "16826": {"address": "address", "lat": 38.0031853, "lon": 23.7978506, "uuid": "5"}, "2197": {"address": "Mesogeion Aven. 260", "lat": 38.0061812, "lon": 23.7969828, "uuid": "ELTApostalbox6"}, "2437": {"address": "address", "lat": 38.0042787, "lon": 23.8136126, "uuid": "4"}, "266": {"address": "address", "lat": 38.0079771, "lon": 23.8296022, "uuid": "1"}, "3707": {"address": "address", "lat": 38.0137354, "lon": 23.8495674, "uuid": "7"}, "4402": {"address": "Irakleitou 62", "lat": 38.0206484, "lon": 23.8430001, "uuid": "ELTApostoffice2"}, "12711": {"address": "Aspasias 70", "lat": 38.0003794, "lon": 23.7930098, "uuid": "ELTApostoffice4"}, "2510": {"address": "address", "lat": 38.0042829, "lon": 23.8218759, "uuid": "11"}, "15556": {"address": "address", "lat": 38.0113894, "lon": 23.8211048, "uuid": "8"}, "1514": {"address": "address", "lat": 37.9806867, "lon": 23.7638416, "uuid": "6"}, "224": {"address": "Amfissis 34", "lat": 38.0041843, "lon": 23.8451378, "uuid": "ELTApostoffice1"}, "16974": {"address": "Leukosias 25", "lat": 37.9896681, "lon": 23.794275, "uuid": "ELTApostoffice3"}, "16430": {"address": "address", "lat": 38.0077532, "lon": 23.8030122, "uuid": "3"}, "5308": {"address": "Mesogeion Aven. 156-158", "lat": 37.9988745, "lon": 23.7841931, "uuid": "ELTApostalbox5"}}, "edge": [[16974, 1095, 926], [16974, 5308, 795], [16974, 1105, 718], [16974, 12711, 811], [16974, 1514, 2212], [1105, 5230, 880], [1105, 16826, 913], [1105, 16974, 718], [1105, 1095, 941], [1105, 1120, 966], [1105, 12711, 864], [1105, 5308, 976], [2197, 1120, 820], [2197, 16430, 814], [2197, 5230, 981], [2197, 16826, 669], [2197, 12711, 848], [5230, 12711, 849], [5230, 1095, 730], [5230, 2437, 886], [5230, 1105, 880], [5230, 16430, 755], [5230, 2197, 981], [5230, 16826, 799], [5230, 1120, 1115], [1120, 2197, 820], [1120, 16826, 961], [1120, 5308, 812], [1120, 1105, 966], [1120, 12711, 848], [1120, 5230, 1115], [1120, 16430, 977], [15556, 266, 731], [15556, 2510, 896], [15556, 2437, 730], [15556, 4402, 1897], [15556, 16430, 1419], [2437, 16430, 807], [2437, 2510, 902], [2437, 5230, 886], [2437, 1095, 836], [2437, 266, 1013], [2437, 15556, 730], [2437, 16826, 1007], [12711, 1120, 848], [12711, 5230, 849], [12711, 16974, 811], [12711, 1105, 864], [12711, 5308, 853], [12711, 16826, 813], [12711, 2197, 848], [5308, 1120, 812], [5308, 1514, 2159], [5308, 12711, 853], [5308, 16974, 795], [5308, 1105, 976], [16430, 5230, 755], [16430, 2197, 814], [16430, 2437, 807], [16430, 16826, 969], [16430, 1120, 977], [16430, 15556, 1419], [16826, 1120, 961], [16826, 2197, 669], [16826, 12711, 813], [16826, 1105, 913], [16826, 5230, 799], [16826, 16430, 969], [16826, 1095, 880], [16826, 2437, 1007], [1095, 5230, 730], [1095, 16974, 926], [1095, 1105, 941], [1095, 2437, 836], [1095, 2510, 1047], [1095, 16826, 880], [224, 266, 1000], [224, 3707, 1132], [1514, 5308, 2159], [1514, 16974, 2212], [266, 224, 1000], [266, 2510, 660], [266, 15556, 731], [266, 4402, 1221], [266, 3707, 1394], [266, 2437, 1013], [4402, 15556, 1897], [4402, 266, 1221], [4402, 3707, 864], [2510, 266, 660], [2510, 2437, 902], [2510, 15556, 896], [2510, 1095, 1047], [3707, 4402, 864], [3707, 266, 1394], [3707, 224, 1132]]}