{"nodes": {"1120": {"address": "address", "lat": 38.0010188, "lon": 23.7913092, "uuid": "3"}, "16826": {"address": "address", "lat": 38.0031853, "lon": 23.7978506, "uuid": "7"}, "16945": {"address": "address", "lat": 37.9965731, "lon": 23.8036915, "uuid": "0"}, "2197": {"address": "Red Box #2, Mesogeion Aven. 260, Cholargos", "lat": 38.0061812, "lon": 23.7969828, "uuid": "ELTA004"}, "2437": {"address": "address", "lat": 38.0042787, "lon": 23.8136126, "uuid": "2"}, "266": {"address": "address", "lat": 38.0079771, "lon": 23.8296022, "uuid": "5"}, "12711": {"address": "Cholargou (Post Office), Aspasias 70, Cholargos ", "lat": 38.0003794, "lon": 23.7930098, "uuid": "ELTA002"}, "2510": {"address": "address", "lat": 38.0042829, "lon": 23.8218759, "uuid": "1"}, "15556": {"address": "address", "lat": 38.0113894, "lon": 23.8211048, "uuid": "6"}, "11134": {"address": "VEHICLE DEPO - Mesogeion 395 Ave., Agia Paraskevi", "lat": 38.0119209, "lon": 23.8138158, "uuid": "ELTA005"}, "16974": {"address": "Papagou (Post Office) , Leukosias 25, Papagou", "lat": 37.9896681, "lon": 23.794275, "uuid": "ELTA001"}, "13227": {"address": "address", "lat": 38.0062259, "lon": 23.8044684, "uuid": "4"}, "5308": {"address": "Red Box #1, Mesogeion Aven. 156-158, Papagou", "lat": 37.9988745, "lon": 23.7841931, "uuid": "ELTA003"}}, "edge": [[2510, 11134, 896], [2510, 266, 660], [2510, 2437, 902], [2510, 15556, 935], [1120, 2197, 820], [1120, 16826, 961], [1120, 5308, 812], [1120, 12711, 848], [1120, 16945, 966], [1120, 16974, 1000], [13227, 16826, 811], [13227, 2197, 846], [13227, 2437, 853], [13227, 16945, 806], [13227, 11134, 970], [2197, 13227, 846], [2197, 16826, 669], [2197, 12711, 848], [2197, 11134, 1347], [2197, 1120, 820], [16974, 16945, 718], [16974, 12711, 795], [16974, 5308, 795], [16974, 1120, 1000], [15556, 11134, 602], [15556, 266, 731], [15556, 2510, 935], [15556, 2437, 820], [266, 2510, 660], [266, 15556, 731], [266, 2437, 1013], [12711, 16974, 795], [12711, 16945, 849], [12711, 16826, 813], [12711, 2197, 848], [12711, 1120, 848], [12711, 5308, 853], [2437, 16945, 868], [2437, 2510, 902], [2437, 13227, 853], [2437, 11134, 705], [2437, 16826, 1002], [2437, 15556, 820], [2437, 266, 1013], [16826, 2197, 669], [16826, 13227, 811], [16826, 12711, 813], [16826, 16945, 877], [16826, 1120, 961], [16826, 2437, 1002], [5308, 16974, 795], [5308, 1120, 812], [5308, 12711, 853], [11134, 13227, 970], [11134, 2437, 705], [11134, 15556, 602], [11134, 2510, 896], [11134, 2197, 1347], [16945, 16974, 718], [16945, 12711, 849], [16945, 1120, 966], [16945, 13227, 806], [16945, 16826, 877], [16945, 2437, 868]]}