{"nodes": {"1101": {"address": "address", "lat": 37.9966745, "lon": 23.8026938, "uuid": "1"}, "1060": {"address": "address", "lat": 38.0002419, "lon": 23.7939854, "uuid": "2"}, "2197": {"address": "Mesogeion Aven. 260", "lat": 38.0061812, "lon": 23.7969828, "uuid": "ELTApostalbox6"}, "2436": {"address": "address", "lat": 38.0038431, "lon": 23.8147285, "uuid": "5"}, "8528": {"address": "address", "lat": 38.0097339, "lon": 23.8206524, "uuid": "0"}, "2551": {"address": "address", "lat": 38.0072842, "lon": 23.8303563, "uuid": "7"}, "3707": {"address": "address", "lat": 38.0137354, "lon": 23.8495674, "uuid": "4"}, "4402": {"address": "Irakleitou 62", "lat": 38.0206484, "lon": 23.8430001, "uuid": "ELTApostoffice2"}, "12711": {"address": "Aspasias 70", "lat": 38.0003794, "lon": 23.7930098, "uuid": "ELTApostoffice4"}, "1514": {"address": "address", "lat": 37.9806867, "lon": 23.7638416, "uuid": "6"}, "224": {"address": "Amfissis 34", "lat": 38.0041843, "lon": 23.8451378, "uuid": "ELTApostoffice1"}, "16974": {"address": "Leukosias 25", "lat": 37.9896681, "lon": 23.794275, "uuid": "ELTApostoffice3"}, "17065": {"address": "address", "lat": 38.006339, "lon": 23.8023426, "uuid": "3"}, "5308": {"address": "Mesogeion Aven. 156-158", "lat": 37.9988745, "lon": 23.7841931, "uuid": "ELTApostalbox5"}}, "edge": [[17065, 2436, 706], [17065, 2197, 822], [17065, 1060, 830], [17065, 12711, 813], [17065, 8528, 1094], [17065, 1101, 663], [8528, 2551, 778], [8528, 2436, 912], [8528, 4402, 1813], [8528, 17065, 1094], [4402, 2551, 1326], [4402, 8528, 1813], [4402, 3707, 864], [1101, 16974, 718], [1101, 17065, 663], [1101, 1060, 831], [1101, 12711, 849], [1101, 2436, 837], [1101, 2197, 1010], [16974, 5308, 868], [16974, 1060, 795], [16974, 1101, 718], [16974, 1514, 2212], [16974, 12711, 1001], [12711, 1060, 774], [12711, 1101, 849], [12711, 16974, 1001], [12711, 2197, 820], [12711, 17065, 813], [12711, 5308, 848], [5308, 1060, 799], [5308, 1514, 2159], [5308, 2197, 977], [5308, 12711, 848], [5308, 16974, 868], [2197, 12711, 820], [2197, 17065, 822], [2197, 5308, 977], [2197, 1060, 723], [2197, 1101, 1010], [2551, 8528, 778], [2551, 224, 979], [2551, 4402, 1326], [2551, 3707, 1525], [2551, 2436, 2437], [1060, 2197, 723], [1060, 1101, 831], [1060, 12711, 774], [1060, 17065, 830], [1060, 5308, 799], [1060, 16974, 795], [2436, 8528, 912], [2436, 17065, 706], [2436, 1101, 837], [2436, 2551, 2437], [1514, 5308, 2159], [1514, 16974, 2212], [3707, 4402, 864], [3707, 2551, 1525], [3707, 224, 1132], [224, 2551, 979], [224, 3707, 1132]]}