{"nodes": {"1101": {"address": "address", "lat": 37.9966745, "lon": 23.8026938, "uuid": "5"}, "1120": {"address": "address", "lat": 38.0010188, "lon": 23.7913092, "uuid": "7"}, "16826": {"address": "address", "lat": 38.0031853, "lon": 23.7978506, "uuid": "2"}, "2197": {"address": "Red Box #2, Mesogeion Aven. 260, Cholargos", "lat": 38.0061812, "lon": 23.7969828, "uuid": "ELTA004"}, "266": {"address": "address", "lat": 38.0079771, "lon": 23.8296022, "uuid": "4"}, "12711": {"address": "Cholargou (Post Office), Aspasias 70, Cholargos ", "lat": 38.0003794, "lon": 23.7930098, "uuid": "ELTA002"}, "9442": {"address": "address", "lat": 38.0058734, "lon": 23.822565, "uuid": "1"}, "11134": {"address": "VEHICLE DEPO - Mesogeion 395 Ave., Agia Paraskevi", "lat": 38.0119209, "lon": 23.8138158, "uuid": "ELTA005"}, "8332": {"address": "address", "lat": 38.0120885, "lon": 23.8201448, "uuid": "6"}, "16974": {"address": "Papagou (Post Office) , Leukosias 25, Papagou", "lat": 37.9896681, "lon": 23.794275, "uuid": "ELTA001"}, "13227": {"address": "address", "lat": 38.0062259, "lon": 23.8044684, "uuid": "0"}, "5308": {"address": "Red Box #1, Mesogeion Aven. 156-158, Papagou", "lat": 37.9988745, "lon": 23.7841931, "uuid": "ELTA003"}, "17083": {"address": "address", "lat": 38.0032571, "lon": 23.8132821, "uuid": "3"}}, "edge": [[2197, 1120, 820], [2197, 13227, 846], [2197, 11134, 1347], [2197, 16826, 669], [2197, 1101, 1024], [2197, 12711, 848], [11134, 8332, 827], [11134, 13227, 970], [11134, 9442, 1001], [11134, 17083, 705], [11134, 2197, 1347], [17083, 8332, 969], [17083, 11134, 705], [17083, 9442, 960], [17083, 13227, 883], [17083, 1101, 837], [17083, 16826, 1207], [17083, 266, 2515], [1120, 2197, 820], [1120, 16826, 961], [1120, 5308, 812], [1120, 1101, 966], [1120, 12711, 848], [1120, 16974, 1000], [16826, 13227, 811], [16826, 1120, 961], [16826, 2197, 669], [16826, 1101, 877], [16826, 12711, 813], [16826, 17083, 1207], [8332, 11134, 827], [8332, 17083, 969], [8332, 9442, 791], [8332, 266, 703], [8332, 13227, 1002], [1101, 16974, 718], [1101, 17083, 837], [1101, 16826, 877], [1101, 13227, 870], [1101, 12711, 849], [1101, 1120, 966], [1101, 2197, 1024], [16974, 5308, 795], [16974, 1101, 718], [16974, 12711, 795], [16974, 1120, 1000], [12711, 1120, 848], [12711, 1101, 849], [12711, 16974, 795], [12711, 5308, 853], [12711, 16826, 813], [12711, 2197, 848], [5308, 1120, 812], [5308, 12711, 853], [5308, 16974, 795], [9442, 266, 809], [9442, 11134, 1001], [9442, 8332, 791], [9442, 17083, 960], [13227, 11134, 970], [13227, 1101, 870], [13227, 17083, 883], [13227, 2197, 846], [13227, 16826, 811], [13227, 8332, 1002], [266, 8332, 703], [266, 9442, 809], [266, 17083, 2515]]}