{"nodes": {"1120": {"address": "address", "lat": 38.0010188, "lon": 23.7913092, "uuid": "8"}, "1064": {"address": "address", "lat": 38.0021428, "lon": 23.7964803, "uuid": "2"}, "1140": {"address": "address", "lat": 37.9977501, "lon": 23.8082147, "uuid": "11"}, "1162": {"address": "address", "lat": 37.9997615, "lon": 23.8047024, "uuid": "6"}, "2197": {"address": "Mesogeion Aven. 260", "lat": 38.0061812, "lon": 23.7969828, "uuid": "ELTApostalbox6"}, "2435": {"address": "address", "lat": 38.0026378, "lon": 23.8142595, "uuid": "3"}, "2508": {"address": "address", "lat": 38.0033102, "lon": 23.8200872, "uuid": "9"}, "2526": {"address": "address", "lat": 38.0080797, "lon": 23.8238135, "uuid": "10"}, "8614": {"address": "address", "lat": 38.0052773, "lon": 23.8287984, "uuid": "5"}, "9737": {"address": "address", "lat": 38.0126848, "lon": 23.8218889, "uuid": "0"}, "4402": {"address": "Irakleitou 62", "lat": 38.0206484, "lon": 23.8430001, "uuid": "ELTApostoffice2"}, "12711": {"address": "Aspasias 70", "lat": 38.0003794, "lon": 23.7930098, "uuid": "ELTApostoffice4"}, "3050": {"address": "address", "lat": 37.980003, "lon": 23.7623805, "uuid": "4"}, "224": {"address": "Amfissis 34", "lat": 38.0041843, "lon": 23.8451378, "uuid": "ELTApostoffice1"}, "16974": {"address": "Leukosias 25", "lat": 37.9896681, "lon": 23.794275, "uuid": "ELTApostoffice3"}, "12753": {"address": "address", "lat": 38.0067421, "lon": 23.802154, "uuid": "7"}, "5308": {"address": "Mesogeion Aven. 156-158", "lat": 37.9988745, "lon": 23.7841931, "uuid": "ELTApostalbox5"}}, "edge": [[2435, 1162, 968], [2435, 12753, 911], [2435, 2526, 992], [2435, 1140, 756], [2435, 2508, 817], [2435, 9737, 1101], [2435, 8614, 1014], [1064, 12753, 862], [1064, 2197, 723], [1064, 1120, 942], [1064, 1140, 922], [1064, 12711, 876], [1064, 5308, 957], [1064, 1162, 768], [2197, 1120, 820], [2197, 1064, 723], [2197, 12753, 778], [2197, 1162, 1010], [2197, 12711, 848], [2508, 2526, 963], [2508, 2435, 817], [2508, 8614, 674], [2508, 1140, 992], [2508, 9737, 974], [2508, 224, 2854], [4402, 8614, 1637], [4402, 224, 1535], [4402, 2526, 1643], [4402, 9737, 1471], [1162, 1064, 768], [1162, 1140, 582], [1162, 12753, 667], [1162, 12711, 849], [1162, 2435, 968], [1162, 16974, 718], [1162, 2197, 1010], [1162, 1120, 990], [1120, 2197, 820], [1120, 1064, 942], [1120, 12753, 957], [1120, 5308, 812], [1120, 16974, 1000], [1120, 12711, 848], [1120, 1162, 990], [8614, 2526, 519], [8614, 9737, 749], [8614, 4402, 1637], [8614, 224, 1108], [8614, 2508, 674], [8614, 2435, 1014], [12711, 1064, 876], [12711, 1120, 848], [12711, 12753, 813], [12711, 1162, 849], [12711, 16974, 795], [12711, 5308, 853], [12711, 2197, 848], [12711, 1140, 1058], [9737, 2526, 519], [9737, 12753, 1160], [9737, 2508, 974], [9737, 2435, 1101], [9737, 8614, 749], [9737, 4402, 1471], [9737, 224, 1887], [16974, 5308, 795], [16974, 12711, 795], [16974, 1120, 1000], [16974, 3050, 2364], [16974, 1162, 718], [16974, 1140, 890], [5308, 1120, 812], [5308, 12711, 853], [5308, 1064, 957], [5308, 3050, 2308], [5308, 16974, 795], [2526, 9737, 519], [2526, 8614, 519], [2526, 2435, 992], [2526, 2508, 963], [2526, 4402, 1643], [2526, 12753, 1594], [1140, 1162, 582], [1140, 12753, 749], [1140, 2435, 756], [1140, 2508, 992], [1140, 1064, 922], [1140, 16974, 890], [1140, 12711, 1058], [12753, 1064, 862], [12753, 9737, 1160], [12753, 1162, 667], [12753, 2197, 778], [12753, 1140, 749], [12753, 2435, 911], [12753, 1120, 957], [12753, 2526, 1594], [12753, 12711, 813], [224, 2508, 2854], [224, 4402, 1535], [224, 8614, 1108], [224, 9737, 1887], [3050, 5308, 2308], [3050, 16974, 2364]]}