{"nodes": {"3018": {"address": "address", "lat": 37.9941164, "lon": 23.805845, "uuid": "4"}, "16951": {"address": "address", "lat": 38.0011519, "lon": 23.8027733, "uuid": "5"}, "5245": {"address": "address", "lat": 37.9967929, "lon": 23.7981465, "uuid": "0"}, "2197": {"address": "Mesogeion Aven. 260", "lat": 38.0061812, "lon": 23.7969828, "uuid": "ELTApostalbox6"}, "16448": {"address": "address", "lat": 38.0076209, "lon": 23.8017221, "uuid": "1"}, "2361": {"address": "address", "lat": 38.0040176, "lon": 23.8109801, "uuid": "6"}, "3707": {"address": "address", "lat": 38.0137354, "lon": 23.8495674, "uuid": "2"}, "4402": {"address": "Irakleitou 62", "lat": 38.0206484, "lon": 23.8430001, "uuid": "ELTApostoffice2"}, "12711": {"address": "Aspasias 70", "lat": 38.0003794, "lon": 23.7930098, "uuid": "ELTApostoffice4"}, "12710": {"address": "address", "lat": 37.9986584, "lon": 23.7867395, "uuid": "7"}, "224": {"address": "Amfissis 34", "lat": 38.0041843, "lon": 23.8451378, "uuid": "ELTApostoffice1"}, "16974": {"address": "Leukosias 25", "lat": 37.9896681, "lon": 23.794275, "uuid": "ELTApostoffice3"}, "5354": {"address": "address", "lat": 38.0020433, "lon": 23.7950278, "uuid": "3"}, "5308": {"address": "Mesogeion Aven. 156-158", "lat": 37.9988745, "lon": 23.7841931, "uuid": "ELTApostalbox5"}}, "edge": [[3707, 2361, 3427], [3707, 4402, 864], [3707, 224, 1132], [3018, 16951, 577], [3018, 2361, 879], [3018, 5245, 946], [3018, 16974, 896], [3018, 5354, 973], [3018, 12711, 1052], [2197, 5354, 723], [2197, 16951, 887], [2197, 12711, 820], [2197, 16448, 763], [2197, 5308, 977], [2197, 5245, 1016], [2197, 12710, 1045], [12710, 5308, 867], [12710, 5245, 973], [12710, 16974, 795], [12710, 2197, 1045], [12710, 5354, 934], [12710, 12711, 986], [16974, 12710, 795], [16974, 5308, 882], [16974, 5245, 718], [16974, 3018, 896], [16974, 12711, 1019], [5245, 3018, 946], [5245, 12710, 973], [5245, 5354, 911], [5245, 16951, 780], [5245, 12711, 849], [5245, 16974, 718], [5245, 2197, 1016], [4402, 2361, 3007], [4402, 3707, 864], [4402, 224, 2360], [4402, 16448, 3865], [12711, 5245, 849], [12711, 5354, 878], [12711, 16974, 1019], [12711, 12710, 986], [12711, 5308, 848], [12711, 3018, 1052], [12711, 2197, 820], [12711, 16951, 837], [12711, 16448, 813], [2361, 4402, 3007], [2361, 3018, 879], [2361, 16951, 970], [2361, 16448, 718], [2361, 224, 3035], [2361, 3707, 3427], [5308, 5354, 867], [5308, 12710, 867], [5308, 2197, 977], [5308, 12711, 848], [5308, 16974, 882], [5354, 16448, 863], [5354, 12711, 878], [5354, 12710, 934], [5354, 16951, 841], [5354, 2197, 723], [5354, 5245, 911], [5354, 5308, 867], [5354, 3018, 973], [16951, 5245, 780], [16951, 12711, 837], [16951, 2197, 887], [16951, 3018, 577], [16951, 16448, 588], [16951, 5354, 841], [16951, 2361, 970], [16448, 16951, 588], [16448, 2361, 718], [16448, 2197, 763], [16448, 5354, 863], [16448, 4402, 3865], [16448, 224, 4300], [16448, 12711, 813], [224, 2361, 3035], [224, 3707, 1132], [224, 4402, 2360], [224, 16448, 4300]]}