{"nodes": {"1087": {"address": "address", "lat": 37.9947795, "lon": 23.8025974, "uuid": "5"}, "1116": {"address": "address", "lat": 37.9989846, "lon": 23.7937541, "uuid": "4"}, "2197": {"address": "Mesogeion Aven. 260", "lat": 38.0061812, "lon": 23.7969828, "uuid": "ELTApostalbox6"}, "2188": {"address": "address", "lat": 38.0072396, "lon": 23.8008411, "uuid": "0"}, "2361": {"address": "address", "lat": 38.0040176, "lon": 23.8109801, "uuid": "3"}, "3707": {"address": "address", "lat": 38.0137354, "lon": 23.8495674, "uuid": "2"}, "4402": {"address": "Irakleitou 62", "lat": 38.0206484, "lon": 23.8430001, "uuid": "ELTApostoffice2"}, "12711": {"address": "Aspasias 70", "lat": 38.0003794, "lon": 23.7930098, "uuid": "ELTApostoffice4"}, "224": {"address": "Amfissis 34", "lat": 38.0041843, "lon": 23.8451378, "uuid": "ELTApostoffice1"}, "16974": {"address": "Leukosias 25", "lat": 37.9896681, "lon": 23.794275, "uuid": "ELTApostoffice3"}, "5308": {"address": "Mesogeion Aven. 156-158", "lat": 37.9988745, "lon": 23.7841931, "uuid": "ELTApostalbox5"}, "927": {"address": "address", "lat": 38.0010938, "lon": 23.8007893, "uuid": "1"}}, "edge": [[2188, 2361, 682], [2188, 2197, 846], [2188, 927, 613], [2188, 12711, 851], [2188, 4402, 3947], [2188, 1116, 1013], [2188, 224, 4382], [3707, 2361, 3427], [3707, 4402, 864], [3707, 224, 1132], [1087, 16974, 718], [1087, 927, 804], [1087, 1116, 840], [1087, 2361, 975], [1087, 12711, 864], [16974, 5308, 868], [16974, 1116, 795], [16974, 1087, 718], [16974, 12711, 1001], [927, 2197, 723], [927, 2361, 970], [927, 1087, 804], [927, 12711, 849], [927, 1116, 878], [927, 2188, 613], [2197, 12711, 813], [2197, 927, 723], [2197, 2188, 846], [2197, 1116, 972], [2197, 5308, 886], [2361, 2188, 682], [2361, 4402, 3007], [2361, 1087, 975], [2361, 927, 970], [2361, 224, 3035], [2361, 3707, 3427], [4402, 2361, 3007], [4402, 3707, 864], [4402, 2188, 3947], [4402, 224, 2360], [5308, 2197, 886], [5308, 1116, 853], [5308, 12711, 848], [5308, 16974, 868], [1116, 1087, 840], [1116, 16974, 795], [1116, 2197, 972], [1116, 5308, 853], [1116, 927, 878], [1116, 12711, 993], [1116, 2188, 1013], [224, 2361, 3035], [224, 3707, 1132], [224, 2188, 4382], [224, 4402, 2360], [12711, 16974, 1001], [12711, 2197, 813], [12711, 5308, 848], [12711, 2188, 851], [12711, 927, 849], [12711, 1087, 864], [12711, 1116, 993]]}