{"nodes": {"1094": {"address": "address", "lat": 37.9952036, "lon": 23.8053538, "uuid": "4"}, "8028": {"address": "address", "lat": 37.9999991, "lon": 23.7925348, "uuid": "0"}, "5238": {"address": "address", "lat": 37.9976883, "lon": 23.7987758, "uuid": "3"}, "2197": {"address": "Mesogeion Aven. 260", "lat": 38.0061812, "lon": 23.7969828, "uuid": "ELTApostalbox6"}, "2174": {"address": "address", "lat": 38.007062, "lon": 23.7998501, "uuid": "5"}, "3707": {"address": "address", "lat": 38.0137354, "lon": 23.8495674, "uuid": "1"}, "4402": {"address": "Irakleitou 62", "lat": 38.0206484, "lon": 23.8430001, "uuid": "ELTApostoffice2"}, "12711": {"address": "Aspasias 70", "lat": 38.0003794, "lon": 23.7930098, "uuid": "ELTApostoffice4"}, "224": {"address": "Amfissis 34", "lat": 38.0041843, "lon": 23.8451378, "uuid": "ELTApostoffice1"}, "16974": {"address": "Leukosias 25", "lat": 37.9896681, "lon": 23.794275, "uuid": "ELTApostoffice3"}, "5215": {"address": "address", "lat": 38.0022522, "lon": 23.8043316, "uuid": "2"}, "5308": {"address": "Mesogeion Aven. 156-158", "lat": 37.9988745, "lon": 23.7841931, "uuid": "ELTApostalbox5"}}, "edge": [[2197, 8028, 820], [2197, 5238, 723], [2197, 2174, 720], [2197, 12711, 813], [2197, 5215, 863], [2197, 5308, 983], [5215, 3707, 3919], [5215, 8028, 944], [5215, 224, 3653], [5215, 2174, 600], [5215, 1094, 693], [5215, 12711, 886], [5215, 2197, 863], [5215, 5238, 707], [5215, 4402, 3494], [1094, 5238, 842], [1094, 16974, 718], [1094, 224, 3740], [1094, 5215, 693], [1094, 3707, 4152], [1094, 4402, 3956], [1094, 8028, 1000], [1094, 12711, 1043], [4402, 5215, 3494], [4402, 2174, 3437], [4402, 3707, 864], [4402, 1094, 3956], [4402, 224, 2360], [2174, 4402, 3437], [2174, 5215, 600], [2174, 8028, 957], [2174, 3707, 3990], [2174, 2197, 720], [2174, 224, 3817], [16974, 5308, 868], [16974, 5238, 875], [16974, 1094, 718], [16974, 8028, 795], [16974, 12711, 1001], [8028, 5308, 853], [8028, 2197, 820], [8028, 2174, 957], [8028, 5238, 877], [8028, 5215, 944], [8028, 12711, 848], [8028, 16974, 795], [8028, 1094, 1000], [12711, 1094, 1043], [12711, 5238, 849], [12711, 8028, 848], [12711, 16974, 1001], [12711, 2197, 813], [12711, 5308, 907], [12711, 5215, 886], [5308, 8028, 853], [5308, 12711, 907], [5308, 2197, 983], [5308, 16974, 868], [5238, 16974, 875], [5238, 2197, 723], [5238, 1094, 842], [5238, 5215, 707], [5238, 8028, 877], [5238, 12711, 849], [3707, 4402, 864], [3707, 2174, 3990], [3707, 5215, 3919], [3707, 224, 1132], [3707, 1094, 4152], [224, 5215, 3653], [224, 2174, 3817], [224, 1094, 3740], [224, 3707, 1132], [224, 4402, 2360]]}