{"nodes": {"3018": {"address": "address", "lat": 37.9941164, "lon": 23.805845, "uuid": "3"}, "1056": {"address": "address", "lat": 38.0018869, "lon": 23.7938809, "uuid": "0"}, "2197": {"address": "Mesogeion Aven. 260", "lat": 38.0061812, "lon": 23.7969828, "uuid": "ELTApostalbox6"}, "2202": {"address": "address", "lat": 38.0082779, "lon": 23.8013441, "uuid": "5"}, "3707": {"address": "address", "lat": 38.0137354, "lon": 23.8495674, "uuid": "1"}, "4402": {"address": "Irakleitou 62", "lat": 38.0206484, "lon": 23.8430001, "uuid": "ELTApostoffice2"}, "1083": {"address": "address", "lat": 37.9968468, "lon": 23.7980803, "uuid": "4"}, "12711": {"address": "Aspasias 70", "lat": 38.0003794, "lon": 23.7930098, "uuid": "ELTApostoffice4"}, "224": {"address": "Amfissis 34", "lat": 38.0041843, "lon": 23.8451378, "uuid": "ELTApostoffice1"}, "16974": {"address": "Leukosias 25", "lat": 37.9896681, "lon": 23.794275, "uuid": "ELTApostoffice3"}, "16852": {"address": "address", "lat": 38.0019036, "lon": 23.8045741, "uuid": "2"}, "5308": {"address": "Mesogeion Aven. 156-158", "lat": 37.9988745, "lon": 23.7841931, "uuid": "ELTApostalbox5"}}, "edge": [[1056, 1083, 850], [1056, 16852, 849], [1056, 2197, 723], [1056, 2202, 852], [1056, 12711, 848], [1056, 5308, 867], [2202, 4402, 3420], [2202, 12711, 851], [2202, 2197, 775], [2202, 1056, 852], [2202, 16852, 614], [2202, 3707, 3902], [2202, 224, 3729], [16974, 1083, 718], [16974, 5308, 795], [16974, 12711, 811], [16974, 3018, 896], [1083, 3018, 937], [1083, 16852, 708], [1083, 1056, 850], [1083, 12711, 849], [1083, 16974, 718], [1083, 5308, 1000], [1083, 2197, 1016], [16852, 2197, 848], [16852, 2202, 614], [16852, 3018, 662], [16852, 3707, 4018], [16852, 1083, 708], [16852, 224, 3718], [16852, 4402, 3592], [16852, 1056, 849], [16852, 12711, 927], [3018, 224, 3729], [3018, 3707, 4152], [3018, 16852, 662], [3018, 1083, 937], [3018, 16974, 896], [3018, 4402, 3956], [2197, 12711, 813], [2197, 2202, 775], [2197, 16852, 848], [2197, 1056, 723], [2197, 5308, 983], [2197, 1083, 1016], [3707, 16852, 4018], [3707, 2202, 3902], [3707, 4402, 864], [3707, 224, 1132], [3707, 3018, 4152], [5308, 1056, 867], [5308, 12711, 853], [5308, 16974, 795], [5308, 2197, 983], [5308, 1083, 1000], [4402, 16852, 3592], [4402, 3707, 864], [4402, 3018, 3956], [4402, 2202, 3420], [4402, 224, 2360], [12711, 2202, 851], [12711, 16974, 811], [12711, 5308, 853], [12711, 16852, 927], [12711, 1056, 848], [12711, 1083, 849], [12711, 2197, 813], [224, 3018, 3729], [224, 2202, 3729], [224, 3707, 1132], [224, 16852, 3718], [224, 4402, 2360]]}