{"nodes": {"136672": {"address": "hrvaska5", "lat": 45.8936019, "lon": 15.6962282, "uuid": "H5"}, "86637": {"address": "hrvaska1", "lat": 45.839665, "lon": 15.6863823, "uuid": "H1"}, "36376": {"address": "Jesenice", "lat": 45.8595037, "lon": 15.6897957, "uuid": "S3"}, "37775": {"address": "hrvaska6", "lat": 45.8606795, "lon": 15.8031616, "uuid": "H6"}, "171675": {"address": "hrvaska2", "lat": 45.8031663, "lon": 15.7101405, "uuid": "H2"}, "59010": {"address": "Topliska cesta", "lat": 45.89337, "lon": 15.6214561, "uuid": "S4"}, "65470": {"address": "hrvaska3", "lat": 45.9171602, "lon": 15.7280016, "uuid": "H3"}, "4677": {"address": "Kapele", "lat": 45.9310499, "lon": 15.6780936, "uuid": "S1"}, "103462": {"address": "Globoko", "lat": 45.9548852, "lon": 15.6365929, "uuid": "S2"}, "124962": {"address": "hrvaska4", "lat": 45.8121115, "lon": 15.816119, "uuid": "H4"}, "129974": {"address": "hrvaska9", "lat": 45.882431, "lon": 15.7389888, "uuid": "H9"}, "157605": {"address": "Cerklje ob Krki", "lat": 45.8844935, "lon": 15.5231733, "uuid": "S5"}, "166808": {"address": "Ulica 11. novembra", "lat": 45.9419906, "lon": 15.4781109, "uuid": "S6"}, "180477": {"address": "Ulica stare pravde", "lat": 45.9046721, "lon": 15.5934382, "uuid": "S8"}, "176627": {"address": "Kriska vas", "lat": 45.8913565, "lon": 15.5705945, "uuid": "S7"}, "190281": {"address": "Ulica bratov Gerjovicev", "lat": 45.8949345, "lon": 15.6602321, "uuid": "S9"}}, "edge": [[86637, 171675, 4280], [86637, 180477, 11980], [86637, 36376, 2097], [86637, 124962, 12375], [86637, 37775, 24341], [86637, 190281, 15431], [86637, 176627, 12384], [86637, 103462, 19088], [86637, 4677, 19452], [36376, 180477, 9993], [36376, 190281, 13444], [36376, 103462, 17103], [36376, 37775, 25263], [36376, 124962, 13769], [36376, 4677, 17465], [36376, 176627, 10396], [36376, 59010, 8462], [36376, 86637, 2097], [176627, 124962, 23482], [176627, 190281, 7660], [176627, 180477, 2530], [176627, 157605, 3278], [176627, 166808, 9622], [176627, 4677, 11674], [176627, 36376, 10396], [176627, 86637, 12384], [176627, 59010, 3894], [176627, 171675, 17139], [37775, 190281, 12237], [37775, 86637, 24341], [37775, 129974, 6173], [37775, 124962, 11820], [37775, 171675, 20182], [37775, 136672, 9963], [37775, 65470, 10698], [37775, 36376, 25263], [37775, 4677, 16620], [180477, 59010, 3490], [180477, 65470, 13435], [180477, 86637, 11980], [180477, 171675, 16735], [180477, 176627, 2530], [180477, 4677, 8699], [180477, 190281, 5726], [180477, 124962, 23079], [180477, 36376, 9993], [180477, 103462, 7604], [180477, 166808, 12362], [136672, 190281, 2652], [136672, 4677, 7035], [136672, 65470, 4266], [136672, 37775, 9963], [136672, 129974, 4406], [190281, 176627, 7660], [190281, 129974, 6680], [190281, 59010, 6938], [190281, 136672, 2652], [190281, 103462, 9479], [190281, 36376, 13444], [190281, 180477, 5726], [190281, 86637, 15431], [190281, 37775, 12237], [190281, 166808, 17549], [190281, 4677, 4496], [190281, 65470, 6999], [190281, 171675, 20186], [166808, 190281, 17549], [166808, 157605, 8454], [166808, 180477, 12362], [166808, 176627, 9622], [166808, 103462, 13356], [124962, 36376, 13769], [124962, 103462, 30158], [124962, 59010, 21300], [124962, 180477, 23079], [124962, 171675, 8688], [124962, 86637, 12375], [124962, 37775, 11820], [124962, 176627, 23482], [65470, 190281, 6999], [65470, 180477, 13435], [65470, 4677, 5592], [65470, 37775, 10698], [65470, 129974, 5770], [65470, 136672, 4266], [59010, 180477, 3490], [59010, 124962, 21300], [59010, 176627, 3894], [59010, 36376, 8462], [59010, 103462, 10584], [59010, 190281, 6938], [59010, 4677, 10951], [171675, 124962, 8688], [171675, 86637, 4280], [171675, 176627, 17139], [171675, 37775, 20182], [171675, 190281, 20186], [171675, 103462, 23846], [171675, 180477, 16735], [171675, 4677, 24208], [103462, 86637, 19088], [103462, 190281, 9479], [103462, 124962, 30158], [103462, 166808, 13356], [103462, 171675, 23846], [103462, 36376, 17103], [103462, 4677, 4681], [103462, 180477, 7604], [103462, 59010, 10584], [129974, 37775, 6173], [129974, 190281, 6680], [129974, 4677, 10288], [129974, 65470, 5770], [129974, 136672, 4406], [4677, 190281, 4496], [4677, 136672, 7035], [4677, 180477, 8699], [4677, 86637, 19452], [4677, 37775, 16620], [4677, 171675, 24208], [4677, 103462, 4681], [4677, 36376, 17465], [4677, 59010, 10951], [4677, 129974, 10288], [4677, 176627, 11674], [4677, 65470, 5592], [157605, 176627, 3278], [157605, 166808, 8454]]}