{"nodes": {"6872": {"address": "Ul. Dr. Franje Tu?mana 38a", "lat": 45.8084401, "lon": 15.816546, "uuid": "HPpostofficeH4"}, "86637": {"address": "Ul. ?ure Basari?eka 9", "lat": 45.839665, "lon": 15.6863823, "uuid": "HPpostofficeH1"}, "36376": {"address": "Jesenice", "lat": 45.8595037, "lon": 15.6897957, "uuid": "PSpostofficeS3"}, "171675": {"address": "Ul. Ljudevita Gaja 4", "lat": 45.8031663, "lon": 15.7101405, "uuid": "HPpostofficeH2"}, "59010": {"address": "Topliska cesta", "lat": 45.89337, "lon": 15.6214561, "uuid": "PSpostofficeS4"}, "65470": {"address": "Gori?ka 1", "lat": 45.9171602, "lon": 15.7280016, "uuid": "HPpostofficeH3"}, "68249": {"address": "Zagreba?ka ul. 29", "lat": 45.8778694, "lon": 15.7391413, "uuid": "HPpostofficeH7"}, "4677": {"address": "Kapele", "lat": 45.9310499, "lon": 15.6780936, "uuid": "PSpostofficeS1"}, "103462": {"address": "Globoko", "lat": 45.9548852, "lon": 15.6365929, "uuid": "PSpostofficeS2"}, "129342": {"address": "Zagreba?ka ul. 45", "lat": 45.8872686, "lon": 15.6968985, "uuid": "HPpostofficeH5"}, "157605": {"address": "Cerklje ob Krki", "lat": 45.8844935, "lon": 15.5231733, "uuid": "PSpostofficeS5"}, "166808": {"address": "Ulica 11. novembra", "lat": 45.9419906, "lon": 15.4781109, "uuid": "PSpostofficeS6"}, "180477": {"address": "Ulica stare pravde", "lat": 45.9046721, "lon": 15.5934382, "uuid": "PSpostofficeS8"}, "180522": {"address": "Ul. Drage ?vajcara 5", "lat": 45.8588883, "lon": 15.8033733, "uuid": "HPpostofficeH6"}, "176627": {"address": "Kriska vas", "lat": 45.8913565, "lon": 15.5705945, "uuid": "PSpostofficeS7"}, "190281": {"address": "Ulica bratov Gerjovicev", "lat": 45.8949345, "lon": 15.6602321, "uuid": "PSpostofficeS9"}}, "edge": [[129342, 68249, 3406], [129342, 190281, 3307], [129342, 65470, 3780], [86637, 36376, 3673], [86637, 6872, 8848], [86637, 171675, 3460], [86637, 180522, 26299], [157605, 176627, 3860], [157605, 166808, 5737], [176627, 166808, 6138], [176627, 157605, 3860], [176627, 59010, 3394], [176627, 180477, 3506], [68249, 180522, 3489], [68249, 129342, 3406], [68249, 65470, 3245], [4677, 190281, 4002], [4677, 103462, 4003], [4677, 65470, 4002], [4677, 180477, 5213], [166808, 176627, 6138], [166808, 180477, 8869], [166808, 103462, 9860], [166808, 157605, 5737], [171675, 86637, 3460], [171675, 6872, 4828], [180477, 176627, 3506], [180477, 103462, 4327], [180477, 59010, 3636], [180477, 4677, 5213], [180477, 190281, 3440], [180477, 166808, 8869], [36376, 86637, 3673], [36376, 59010, 4998], [36376, 6872, 9972], [36376, 180522, 27224], [190281, 180477, 3440], [190281, 129342, 3307], [190281, 4677, 4002], [190281, 65470, 4137], [180522, 68249, 3489], [180522, 6872, 7856], [180522, 36376, 27224], [180522, 65470, 7527], [180522, 86637, 26299], [6872, 180522, 7856], [6872, 171675, 4828], [6872, 36376, 9972], [6872, 86637, 8848], [59010, 180477, 3636], [59010, 36376, 4998], [59010, 176627, 3394], [103462, 180477, 4327], [103462, 4677, 4003], [103462, 166808, 9860], [65470, 4677, 4002], [65470, 129342, 3780], [65470, 180522, 7527], [65470, 68249, 3245], [65470, 190281, 4137]]}