{"nodes": {"136672": {"address": "hrvaska5", "lat": 45.8936019, "lon": 15.6962282, "uuid": "H5"}, "86637": {"address": "hrvaska1", "lat": 45.839665, "lon": 15.6863823, "uuid": "H1"}, "36376": {"address": "Jesenice", "lat": 45.8595037, "lon": 15.6897957, "uuid": "S3"}, "37775": {"address": "hrvaska6", "lat": 45.8606795, "lon": 15.8031616, "uuid": "H6"}, "171675": {"address": "hrvaska2", "lat": 45.8031663, "lon": 15.7101405, "uuid": "H2"}, "59010": {"address": "Topliska cesta", "lat": 45.89337, "lon": 15.6214561, "uuid": "S4"}, "65470": {"address": "hrvaska3", "lat": 45.9171602, "lon": 15.7280016, "uuid": "H3"}, "4677": {"address": "Kapele", "lat": 45.9310499, "lon": 15.6780936, "uuid": "S1"}, "103462": {"address": "Globoko", "lat": 45.9548852, "lon": 15.6365929, "uuid": "S2"}, "124962": {"address": "hrvaska4", "lat": 45.8121115, "lon": 15.816119, "uuid": "H4"}, "129974": {"address": "hrvaska9", "lat": 45.882431, "lon": 15.7389888, "uuid": "H9"}, "157605": {"address": "Cerklje ob Krki", "lat": 45.8844935, "lon": 15.5231733, "uuid": "S5"}, "166808": {"address": "Ulica 11. novembra", "lat": 45.9419906, "lon": 15.4781109, "uuid": "S6"}, "180477": {"address": "Ulica stare pravde", "lat": 45.9046721, "lon": 15.5934382, "uuid": "S8"}, "176627": {"address": "Kriska vas", "lat": 45.8913565, "lon": 15.5705945, "uuid": "S7"}, "190281": {"address": "Ulica bratov Gerjovicev", "lat": 45.8949345, "lon": 15.6602321, "uuid": "S9"}}, "edge": [[59010, 180477, 3636], [59010, 176627, 3394], [59010, 36376, 4998], [180477, 190281, 3440], [180477, 59010, 3636], [180477, 176627, 3506], [180477, 103462, 4327], [180477, 166808, 8869], [180477, 4677, 5213], [190281, 180477, 3440], [190281, 136672, 3360], [190281, 4677, 4002], [190281, 65470, 4137], [157605, 176627, 3860], [157605, 166808, 5737], [65470, 129974, 3674], [65470, 4677, 4002], [65470, 136672, 3550], [65470, 37775, 7202], [65470, 190281, 4137], [86637, 124962, 9333], [86637, 36376, 3673], [86637, 171675, 3460], [86637, 37775, 25997], [4677, 180477, 5213], [4677, 190281, 4002], [4677, 103462, 4003], [4677, 65470, 4002], [171675, 86637, 3460], [171675, 124962, 5273], [124962, 86637, 9333], [124962, 37775, 8415], [124962, 36376, 10457], [124962, 171675, 5273], [176627, 180477, 3506], [176627, 59010, 3394], [176627, 157605, 3860], [176627, 166808, 6138], [136672, 190281, 3360], [136672, 65470, 3550], [136672, 129974, 3640], [37775, 65470, 7202], [37775, 86637, 25997], [37775, 124962, 8415], [37775, 129974, 3353], [37775, 36376, 26921], [36376, 124962, 10457], [36376, 86637, 3673], [36376, 59010, 4998], [36376, 37775, 26921], [129974, 136672, 3640], [129974, 65470, 3674], [129974, 37775, 3353], [103462, 166808, 9860], [103462, 180477, 4327], [103462, 4677, 4003], [166808, 176627, 6138], [166808, 157605, 5737], [166808, 180477, 8869], [166808, 103462, 9860]]}