{"nodes": {"282": {"address": "1 Athens", "lat": 37.9827125, "lon": 23.7276633, "node_id": 282, "post_id": "A1"}, "890": {"address": "12 Athens", "lat": 37.9956018, "lon": 23.7321881, "node_id": 890, "post_id": "A2"}, "4647": {"address": "4 Athens", "lat": 37.9785858, "lon": 23.7571988, "node_id": 4647, "post_id": "A3"}, "5992": {"address": "6 Athens", "lat": 37.9941782, "lon": 23.7727566, "node_id": 5992, "post_id": "A4"}, "4476": {"address": "3 Athens", "lat": 37.9852836, "lon": 23.7406637, "node_id": 4476, "post_id": "A5"}, "1490": {"address": "17 Athens", "lat": 37.9737799, "lon": 23.7479273, "node_id": 1490, "post_id": "A6"}, "12188": {"address": "14 Athens", "lat": 38.0017999, "lon": 23.7500505, "node_id": 12188, "post_id": "A7"}, "6156": {"address": "13 Athens", "lat": 38.0021602, "lon": 23.7417307, "node_id": 6156, "post_id": "A8"}, "17247": {"address": "5 Athens", "lat": 37.9843685, "lon": 23.7678325, "node_id": 17247, "post_id": "A9"}, "30259": {"address": "8 Athens", "lat": 37.9956198, "lon": 23.7491047, "node_id": 30259, "post_id": "A10"}, "31073": {"address": "20 Zagreb", "lat": 37.9735181, "lon": 23.729825, "node_id": 31073, "post_id": "A11"}, "32140": {"address": "19 Athens", "lat": 37.9922448, "lon": 23.7233002, "node_id": 32140, "post_id": "A12"}, "4323": {"address": "11 Athens", "lat": 38.003536, "lon": 23.7299123, "node_id": 4323, "post_id": "A13"}}, "edge": [[31073, 1490, 2033], [4647, 17247, 1217], [1490, 4647, 1039], [4323, 890, 1124], [4476, 890, 1666], [4476, 31073, 2025], [12188, 30259, 795], [17247, 5992, 1540], [4647, 4476, 2178], [32140, 890, 1126], [890, 4476, 1666], [32140, 282, 1253], [1490, 31073, 2033], [30259, 12188, 795], [890, 282, 1656], [4476, 30259, 1694], [5992, 17247, 1540], [4476, 282, 1556], [5992, 12188, 2771], [890, 32140, 1126], [282, 32140, 1253], [30259, 6156, 1152], [12188, 6156, 997], [282, 4476, 1556], [890, 4323, 1124], [6156, 30259, 1152], [31073, 282, 1292], [282, 31073, 1292], [4647, 1490, 1039], [890, 6156, 1186], [30259, 4476, 1694], [17247, 4647, 1217], [6156, 890, 1186], [12188, 5992, 2771], [282, 890, 1656], [6156, 12188, 997], [4476, 4647, 2178], [31073, 4476, 2025]]}