{"nodes": {"282": {"address": "Athens Athens", "lat": 37.9827125, "lon": 23.7276633, "node_id": 282, "post_id": "A1"}, "1633": {"address": "Athens Athens", "lat": 37.97321, "lon": 23.7290851, "node_id": 1633, "post_id": "A2"}, "890": {"address": "Athens Athens", "lat": 37.9956018, "lon": 23.7321881, "node_id": 890, "post_id": "A3"}, "4647": {"address": "Athens Athens", "lat": 37.9785858, "lon": 23.7571988, "node_id": 4647, "post_id": "A4"}, "5992": {"address": "Athens Athens", "lat": 37.9941782, "lon": 23.7727566, "node_id": 5992, "post_id": "A5"}, "10720": {"address": "Athens Athens", "lat": 37.9967794, "lon": 23.7220798, "node_id": 10720, "post_id": "A6"}, "4476": {"address": "Athens Athens", "lat": 37.9852836, "lon": 23.7406637, "node_id": 4476, "post_id": "A7"}, "2441": {"address": "Athens Athens", "lat": 37.9909412, "lon": 23.7525503, "node_id": 2441, "post_id": "A8"}, "12188": {"address": "Athens Athens", "lat": 38.0017999, "lon": 23.7500505, "node_id": 12188, "post_id": "A9"}, "6156": {"address": "Athens Athens", "lat": 38.0021602, "lon": 23.7417307, "node_id": 6156, "post_id": "A10"}, "17247": {"address": "Athens Athens", "lat": 37.9843685, "lon": 23.7678325, "node_id": 17247, "post_id": "A11"}, "30259": {"address": "Athens Athens", "lat": 37.9956198, "lon": 23.7491047, "node_id": 30259, "post_id": "A12"}, "4150": {"address": "Athens Athens", "lat": 37.990977, "lon": 23.736988, "node_id": 4150, "post_id": "A13"}, "4323": {"address": "Athens Athens", "lat": 38.003536, "lon": 23.7299123, "node_id": 4323, "post_id": "A14"}}, "edge": [[4647, 17247, 1217], [4323, 890, 1124], [1633, 4476, 2099], [12188, 30259, 795], [17247, 5992, 1540], [4150, 4476, 1014], [2441, 4647, 1691], [12188, 2441, 1527], [890, 4150, 901], [2441, 4150, 1492], [30259, 12188, 795], [10720, 282, 1778], [890, 282, 1656], [282, 10720, 1778], [890, 10720, 907], [4150, 890, 901], [5992, 17247, 1540], [5992, 12188, 2771], [4476, 282, 1556], [6156, 12188, 997], [4476, 2441, 1364], [1633, 282, 1317], [30259, 6156, 1152], [282, 1633, 1317], [10720, 890, 907], [2441, 30259, 860], [12188, 6156, 997], [4150, 2441, 1492], [282, 4476, 1556], [30259, 2441, 860], [890, 4323, 1124], [6156, 30259, 1152], [4476, 4150, 1014], [890, 6156, 1186], [2441, 12188, 1527], [17247, 4647, 1217], [12188, 5992, 2771], [6156, 890, 1186], [282, 890, 1656], [2441, 4476, 1364], [4647, 2441, 1691], [4476, 1633, 2099]]}