{"nodes": {"2499": {"address": "Globoko", "lat": 45.9540673, "lon": 15.6339655, "uuid": "S2"}, "63502": {"address": "hrvaska5", "lat": 45.8936019, "lon": 15.6962282, "uuid": "H5"}, "47460": {"address": "hrvaska1", "lat": 45.839665, "lon": 15.6863823, "uuid": "H1"}, "17940": {"address": "Jesenice", "lat": 45.8595037, "lon": 15.6897957, "uuid": "S3"}, "86774": {"address": "hrvaska2", "lat": 45.8031663, "lon": 15.7101405, "uuid": "H2"}, "31310": {"address": "hrvaska3", "lat": 45.9171602, "lon": 15.7280016, "uuid": "H3"}, "1808": {"address": "Kapele", "lat": 45.9310499, "lon": 15.6780936, "uuid": "S1"}, "56284": {"address": "hrvaska4", "lat": 45.8121115, "lon": 15.816119, "uuid": "H4"}, "60310": {"address": "hrvaska9", "lat": 45.882431, "lon": 15.7389888, "uuid": "H9"}, "95157": {"address": "Ulica bratov Gerjovicev", "lat": 45.8949345, "lon": 15.6602321, "uuid": "S9"}}, "edge": [[86774, 47460, 3456], [86774, 56284, 5273], [86774, 17940, 4945], [63502, 31310, 3550], [63502, 60310, 3640], [63502, 95157, 3360], [60310, 63502, 3640], [60310, 31310, 3674], [17940, 2499, 13549], [17940, 47460, 3672], [17940, 56284, 10457], [17940, 95157, 9959], [17940, 86774, 4945], [47460, 17940, 3672], [47460, 86774, 3456], [47460, 56284, 9994], [95157, 63502, 3360], [95157, 2499, 5620], [95157, 1808, 4002], [95157, 17940, 9959], [95157, 31310, 4137], [31310, 95157, 4137], [31310, 63502, 3550], [31310, 60310, 3674], [31310, 1808, 4002], [56284, 86774, 5273], [56284, 17940, 10457], [56284, 47460, 9994], [2499, 1808, 4011], [2499, 95157, 5620], [2499, 17940, 13549], [1808, 2499, 4011], [1808, 95157, 4002], [1808, 31310, 4002]]}