{"nodes": {"48119": {"node_id": 48119, "is_post": true, "post_id": "A1", "lat": 46.2733499, "lon": 14.6094547, "address": "Test                        Kamb bistrica 1              7  "}, "3624": {"node_id": 3624, "is_post": true, "post_id": "A2", "lat": 46.1507768, "lon": 14.6052041, "address": "Vir                         Gub\u010deva ulica                12 "}, "2143": {"node_id": 2143, "is_post": true, "post_id": "A3", "lat": 46.1728265, "lon": 14.6092313, "address": "Radomlje                    Cesta borcev                 3  "}, "2647": {"node_id": 2647, "is_post": true, "post_id": "A4", "lat": 46.2258361, "lon": 14.6117279, "address": "Kamnik                      Glavni trg                   27 "}, "593": {"node_id": 593, "is_post": true, "post_id": "A5", "lat": 46.1631656, "lon": 14.5685624, "address": "Menge\u0161                      Trdinov trg                  8  "}, "698": {"node_id": 698, "is_post": true, "post_id": "A6", "lat": 46.2070941, "lon": 14.5976785, "address": "Kamnik                      Ljubljanska cesta            14 "}, "1063": {"node_id": 1063, "is_post": true, "post_id": "A7", "lat": 46.1496257, "lon": 14.6277492, "address": "Dob                         Ulica 7. avgusta             29 "}, "17603": {"node_id": 17603, "is_post": true, "post_id": "A8", "lat": 46.2026789, "lon": 14.5417477, "address": "Komenda                     Glavarjeva cesta             39 "}, "222": {"node_id": 222, "is_post": true, "post_id": "A9", "lat": 46.2184313, "lon": 14.7593224, "address": "Laze v Tuhinju              Laze v Tuhinju               4  "}, "30395": {"node_id": 30395, "is_post": true, "post_id": "A10", "lat": 46.1674631, "lon": 14.6916311, "address": "Lukovica pri Dom\u017ealah       Obrtni\u0161ka ulica              1  "}}, "edge": [[30395, 2143, 8540], [2647, 17603, 7413], [2143, 698, 4538], [1063, 222, 17788], [2143, 593, 3830], [593, 2143, 3830], [2647, 222, 13192], [48119, 222, 18372], [2143, 2647, 6508], [2143, 48119, 12328], [3624, 1063, 2326], [698, 2647, 2549], [222, 2143, 17300], [3624, 2143, 2817], [2647, 2143, 6508], [30395, 3624, 7467], [698, 593, 5588], [2143, 17603, 7269], [1063, 2143, 3455], [2647, 698, 2549], [30395, 222, 13548], [17603, 2143, 7269], [17603, 698, 5902], [222, 3624, 19417], [17603, 593, 5608], [2143, 1063, 3455], [3624, 30395, 7467], [48119, 2647, 5846], [2647, 48119, 5846], [1063, 3624, 2326], [698, 2143, 4538], [2143, 222, 17300], [222, 2647, 13192], [1063, 30395, 5837], [593, 17603, 5608], [222, 30395, 13548], [222, 48119, 18372], [30395, 1063, 5837], [698, 17603, 5902], [2143, 3624, 2817], [3624, 222, 19417], [593, 698, 5588], [48119, 2143, 12328], [17603, 2647, 7413], [2143, 30395, 8540], [222, 1063, 17788]]}